# Stars,Test %,Valid %,Seed,Group Size,Mask,Scale Abun,Loss-Metric,TEFF,LOGG,VSINI,FeH,CH,NH,OH,NaH,MgH,AlH,SiH,CaH,TiH,VH,CrH,MnH,NiH,YH
733,20.0,15.0,3,1,No Mask,std_scaler,(mu-mu*)/mu,0.011007064040307313,0.030804054810204838,-0.07767102889369533,-1.2956496233014423,0.004335952190841661,-3.051379511936633,-0.19972623279651908,2.470376470130465,0.39224230849149705,-0.8246988322640902,-0.8718970868762919,0.5173358482616407,0.23654854923464735,83.29847267785576,-0.22617977395108949,2.6422786343042914,-9.184359197073556,-1.20965107368117
733,20.0,15.0,3,2,No Mask,std_scaler,(mu-mu*)/mu,0.010036270040339797,0.02678374814564193,0.15769322582440307,-2.216071223946602,-1.7591233350383852,-0.9305939733084574,0.20189477769949252,3.360816223165427,9.017214047908158,-3.212897924779084,-3.9147990010085767,0.6433383925394764,-0.43453400093597,-104.80405412224168,-1.3686465024442924,1.2803683352237412,-0.26378675259290546,-0.49917342387574054
733,20.0,15.0,3,3,No Mask,std_scaler,(mu-mu*)/mu,0.013800900951662353,0.03972356773192567,0.03468573350276592,-0.085904073791033,-1.5728765761838883,0.8938458642812874,0.02225861076313152,5.366078658056266,10.158840148458854,-2.1450780313513502,0.8819666505861111,-1.0777531920189423,275.22939857188453,70695.1050900516,3232.1236718699874,0.88575572964663,-3.9487078121823735,-0.9217752203938475
733,20.0,15.0,3,4,No Mask,std_scaler,(mu-mu*)/mu,0.013393758763320766,0.03470106524134713,0.10998706299734852,-0.7359253379810985,0.00879907541936624,-2.5032509976985993,0.2681048598778855,3.936880790416266,8.505184563205347,-1.858907428857716,1.3808519894562978,-0.8699863903622957,-0.3817060244160926,8.655811343131562,-5.526831812700651,1.9916326640391184,-0.26378675259290546,-0.49917342387574054
733,20.0,15.0,3,5,No Mask,std_scaler,(mu-mu*)/mu,0.011192395632303304,0.02610895070446097,0.11671318859733035,-1.1031156097270085,-0.6843023719484711,-5.459643740852993,-0.5079138648993345,7.208341011296782,17.106132766061823,-5.0727902092051425,3.768518185973597,-1.2632399328175896,-1.5636462324226867,-223.10076906571945,-15.892871282018136,0.88575572964663,-3.9487078121823735,-0.9217752203938475
733,20.0,15.0,3,6,No Mask,std_scaler,(mu-mu*)/mu,0.003410302605409353,0.010253882870420967,-0.1134011594856671,-2.8658893819575364,0.2229296237322075,-2.7980673508480973,-0.32014393417889697,7.018362275806808,12.665486748002484,-3.7211232243062633,3.3867651270331454,-1.799649187787456,275.24015174591057,70777.38925027076,3230.96485900819,-759.9938655803142,4050.4641857182514,291.091024747707
733,20.0,15.0,3,7,No Mask,std_scaler,(mu-mu*)/mu,0.004153271729901319,0.010969135024833708,-0.12522906774274925,-3.4147997476254672,0.35533665435446277,-4.238752445278056,-0.24830615895710018,8.753329979695266,15.366532986807153,-5.564808421501949,4.5493078425749465,-1.7993825322204469,-1.9354759297148008,-370.9100206638706,-2.8064670066903066,1.0602402855686233,-4.348098453774931,-0.9635541224221168
733,20.0,15.0,3,8,No Mask,std_scaler,(mu-mu*)/mu,0.002145412855924641,0.009819651644050475,-0.15607068886238193,-3.436905761625768,0.6061886762595707,-4.743596326119239,-0.31036327228706034,4.814906226464773,6.5944689351155255,-2.195231949029062,1.3270961981336864,-0.8412155779125807,-0.8303382720645167,-142.06192471327137,-10.898023895929654,2.779430756916105,-0.26378675259290546,-0.49917342387574054
733,20.0,15.0,3,9,No Mask,std_scaler,(mu-mu*)/mu,4.0768643040875885,6.628744360314942,77.37392106409165,715.1091685117967,-362.1031577999437,900.3219357583639,148.46134345554657,-1339.2381025286215,-2816.1886630197714,863.3571241954339,-855.9541582717725,277.9566411907778,274.76348056248514,70613.64613125633,3224.6191140402216,-758.6909948230502,4043.4538824277406,290.6056767247227
733,20.0,15.0,3,10,No Mask,std_scaler,(mu-mu*)/mu,4.075599324548219,6.625826365843954,77.44186548220786,714.8481319168814,-361.87041724341844,900.4049432861465,148.3974009852682,-1338.6045224494544,-2815.6635974592264,863.2614679646125,3.0037846322834203,-1.1865427280495042,-1.1960699767197696,-181.93765868074547,-17.100832379418005,4.084070115225986,-22.407221751142895,-2.311769058583124
733,20.0,15.0,3,11,No Mask,std_scaler,(mu-mu*)/mu,0.002655879240103967,0.011226581835801466,-0.11331064984498547,-3.606756383741922,1.1086273840663587,-4.69938883732376,-0.49637648769910986,6.182037686128794,9.93924114406435,-2.8528690466954036,2.5860724316195975,-1.2865693531669462,-1.2424866419299745,-192.99910710210776,-17.267992187334205,4.266490068944793,-22.51542098340107,-2.0173344106066513
733,20.0,15.0,3,12,No Mask,std_scaler,(mu-mu*)/mu,4.079576750452578,6.633119982182037,77.3960906059247,715.5120312557176,-361.7675863012364,901.0693579907079,148.1747857851336,-1339.4372653733121,-2816.1958600518014,863.7794108718523,-856.0564663938413,278.09299092933367,275.24015174591057,70777.38925027076,3230.96485900819,-759.9938655803142,4050.4641857182514,291.091024747707
733,20.0,15.0,3,13,No Mask,std_scaler,(mu-mu*)/mu,-0.005917430727038355,-0.014270101870385209,-0.05945459486329524,-3.801780700966686,1.6856389648919263,-3.4832320042177147,-0.41992302030184087,6.271375959257124,13.347950791027772,-3.3530465687917994,3.543544669413828,-1.304032662133784,-1.122496480423118,-3.599969417944693,-7.440891262167727,2.1287981286755264,-8.889253038220113,-1.663896126580929
733,20.0,15.0,3,14,No Mask,std_scaler,(mu-mu*)/mu,-0.0027723146526475295,-0.009705944622722725,-0.035432525153451445,-3.034141285909257,1.3580491931466139,-3.279188260261554,-0.29338417766054825,5.539203754399566,11.008432338106907,-2.8283900873331693,2.781530736942454,-0.9755784551919252,-0.8869643649080308,-240.1035629228683,-2.8064670066903066,1.0602402855686233,-4.348098453774931,-0.9635541224221168
733,20.0,15.0,3,15,No Mask,std_scaler,(mu-mu*)/mu,-0.005367922115889932,-0.014492877498099316,-0.10560814682982635,-3.9720104945523493,1.6097676835740875,-4.077709227909251,-0.3656047571288503,6.730762772014075,14.493714948322074,-3.8391170402669057,3.9549873056567,-1.4233128547000264,-1.262671052361349,-341.7904140422817,-19.035009798956203,0.88575572964663,-3.9487078121823735,-0.9217752203938475
733,20.0,15.0,3,16,No Mask,std_scaler,(mu-mu*)/mu,-0.0038367226414551866,-0.016672158745294367,-0.09281861678585876,-3.6399621440448215,1.362114709878093,-3.135369822338475,-0.22500053932859573,5.034873927943875,12.728424406706294,-3.226984232951131,3.4551742152213825,-1.2693265066080393,-1.014462058153735,-296.3519008085671,-17.52985675530911,3.675486540612623,-0.26378675259290546,-0.49917342387574054
733,20.0,15.0,3,17,No Mask,std_scaler,(mu-mu*)/mu,-0.0023803437864208903,-0.008306360392985507,0.015544027739518398,-3.525237534706231,1.2162456392730074,-3.3984155777656984,-0.20225256323481844,5.147415741293967,12.296591270542093,-3.2668218386857544,3.168107042298234,-1.1921350658161236,-1.0008055777669833,-267.77180190156065,-16.699451469287755,3.6467775530588553,-18.631797417395543,-1.20965107368117
733,20.0,15.0,3,18,No Mask,std_scaler,(mu-mu*)/mu,8.151197568021548,13.237370171741723,155.20381535393255,1434.5862129049988,-724.771402420095,1807.844217882349,297.36455818871195,-2685.571656415715,-5641.1092382832485,1730.0067019245575,-1714.5154261723922,557.2805408322953,550.8492466418529,141332.89487675834,6467.850393431379,-1522.4695979490336,8112.58083990383,584.8160757126044
733,20.0,15.0,3,1,iodine,std_scaler,(mu-mu*)/mu,0.011073682922444159,0.03310884769767338,-0.07974435777674474,-1.2405748433865122,0.05353910913384975,-2.91583461485051,-0.10976979669213247,2.330651225398118,-0.04949363458151984,-0.7068006530257536,-1.7269960493646224,0.5391726253441564,0.2680893384008318,85.95729649951102,0.03196123497865755,2.589285442976908,-8.767988704553838,-1.1793052256280452
733,20.0,15.0,3,2,iodine,std_scaler,(mu-mu*)/mu,0.009772219752160497,0.02535080811362323,0.1844454416707631,-1.9104198020296537,-2.093249844759059,-0.5289613544813982,0.35493946424464407,2.381485319520461,8.402615217230728,-3.019346071951916,-4.344841084324151,0.7272616429263572,-0.4063453586648999,-102.27048819857266,-0.6937107706273767,1.1431181488206064,2.3730881583222048,-0.5747562101964399
733,20.0,15.0,3,3,iodine,std_scaler,(mu-mu*)/mu,0.014113386309534078,0.041156296281763975,0.06479545958841533,0.04542428802277549,-1.8056631096820441,0.6403714499614278,0.3145071898071976,3.354730660228191,5.310904782262098,-2.0816622109637577,0.8075307586354467,-0.9859451138944718,-0.3424803086307642,-73.2659833043055,-8.453118095441193,1.0486750414381556,-5.017180900390095,-0.7687653413499563
733,20.0,15.0,3,4,iodine,std_scaler,(mu-mu*)/mu,0.013141704323399794,0.037075111766205725,0.11918105468931485,-0.9032064562413876,-0.24767354829449717,-2.179557276094372,0.3737442147340334,3.254116563965182,6.751578931413333,-1.2177653193550533,1.1519312846598777,-0.7458510870879368,0.017162983579035188,111.77181273914591,-2.6213548377823526,1.4711497071859658,2.3730881583222048,-0.5747562101964399
733,20.0,15.0,3,5,iodine,std_scaler,(mu-mu*)/mu,0.012008480120706986,0.02910659934181405,0.14780408860962205,-0.8608539809309429,-0.8287216625496236,-4.757090864008978,-0.37195598509011335,6.353527981178165,14.975044076563819,-4.348911603062451,3.0050005476702806,-1.0317089864907363,-1.2808531141607795,-160.29900168136314,-13.023413582590447,1.0486750414381556,-5.017180900390095,-0.7687653413499563
733,20.0,15.0,3,6,iodine,std_scaler,(mu-mu*)/mu,0.006205037460667455,0.013659578419668604,-0.04636435160936968,-2.178652662495324,-0.17488597038863826,-2.260241295410399,-0.17553030315363258,5.692066307154489,11.124810082909288,-3.019283069015307,2.8023302546114857,-1.6132775720860162,-0.5080776649763763,-27.017233302986916,-9.50533095047931,2.683473270933837,-12.265711918301252,-1.671941108133525
733,20.0,15.0,3,7,iodine,std_scaler,(mu-mu*)/mu,4.086527315136638,6.6468946474025685,77.5172441280974,716.46069508799,-363.3137692200395,902.0771083075716,148.77097213005248,6.959527946793885,11.763649684021017,-4.313001630883753,3.474809250598811,-1.3997083827147307,-1.5049439816544241,-254.81808801695922,-2.977853811575404,1.0810885046932674,-4.414084371500072,-0.9213955197316903
733,20.0,15.0,3,8,iodine,std_scaler,(mu-mu*)/mu,0.004258823651265377,0.016170872039796075,-0.0854666821667626,-2.954099713952146,0.2916293769006368,-4.403989722716844,-0.21629901116587683,3.924904636422629,5.357179458484741,-1.6150573244940651,1.0896907610347142,-0.7686482056069537,-0.7149209700425209,-125.37245806462997,-10.676288093794819,2.8380173767339483,2.3730881583222048,-0.5747562101964399
733,20.0,15.0,3,9,iodine,std_scaler,(mu-mu*)/mu,0.0006763565473537592,0.011575527238603053,-0.14878237949357256,-3.6860885290147283,0.8689910564245796,-5.022999128301667,-0.3186154564120317,5.999892035544276,10.17900546688551,864.1669054019937,-856.729989722552,278.1342844162593,275.0246327479606,70679.87539429769,3226.744987036767,-758.9619232789602,4045.8000371666885,290.7279159988239
733,20.0,15.0,3,10,iodine,std_scaler,(mu-mu*)/mu,-0.0023169028598140633,0.00358128247644318,-0.020395848505473692,-3.878110249343516,1.2327507749895512,-4.598920428930711,-0.33410640735671193,6.268155596944267,11.201455562806169,-3.229737193066916,2.8224061450746776,-1.13131609283573,-1.12211908830628,-168.08628105387365,-16.581086878667225,4.072647979798026,-21.96796546544138,-2.192990130649683
733,20.0,15.0,3,11,iodine,std_scaler,(mu-mu*)/mu,0.0026660002344662055,0.01396855943872056,-0.06682885481494073,-3.2862897712654235,0.8934965852451827,-4.479515383482867,-0.37915457807523645,5.677244349502476,8.282232709705017,-2.292560763458474,2.098205514280515,-1.0535563034567679,-1.0494730948839521,-144.16821256768063,-14.325447230894737,3.523105788877642,-18.90755469338958,-1.7116445793050625
733,20.0,15.0,3,12,iodine,std_scaler,(mu-mu*)/mu,4.078657110112718,6.632424408190093,77.4430933118436,715.9286136127823,-361.74411413233696,901.4532553957207,148.1496047196096,-1340.0592471545062,-2817.0420810189985,864.0206158599353,-856.4287624151482,278.2434150233386,-0.5080776649763763,-27.017233302986916,-9.50533095047931,2.683473270933837,-12.265711918301252,-1.671941108133525
733,20.0,15.0,3,13,iodine,std_scaler,(mu-mu*)/mu,-0.0034379073053983234,-0.007291950817874914,-0.04881593878212132,-3.5434231541363803,1.3665473835760853,-3.2498454995757626,-0.3110037887953164,5.381991994075819,11.763514356462835,-2.8473417363134326,2.959777142672234,-1.1689177233035806,-0.972222549388342,70887.45554310344,3237.263959074994,-761.4294951674825,4060.031885410812,291.4643167255724
733,20.0,15.0,3,14,iodine,std_scaler,(mu-mu*)/mu,-0.000153061516304167,-0.0058658841646519275,0.010809388081215688,-2.5198561451409613,1.0774196605195057,-2.698516156215892,-0.19229195807799765,4.615677781790364,9.237680427610064,-2.3547141148278055,2.1300839892635506,-0.7589219443009454,-0.6874692977657499,-190.4509559369794,-2.977853811575404,1.0810885046932674,-4.414084371500072,-0.9213955197316903
733,20.0,15.0,3,15,iodine,std_scaler,(mu-mu*)/mu,8.155478757277084,13.24810222773549,155.0551284097216,1434.9852285546615,-725.1772092487997,1807.3108326979357,297.3845553818822,-2685.8827416007184,-5643.697022439254,1730.749531648816,-1715.373194443524,557.4757007774697,551.0620753278085,141437.41159023574,6470.581890624737,1.0486750414381556,-5.017180900390095,-0.7687653413499563
733,20.0,15.0,3,16,iodine,std_scaler,(mu-mu*)/mu,4.075493529650475,6.617063198846595,77.46202709154875,715.6228087551237,-361.97750702889624,902.132710361201,148.57701965377353,-1340.850234295401,-2815.4891701323295,863.7952423910363,-856.0650975847493,278.1104577897609,275.0676966817176,70590.31561466835,3226.2915759274474,-759.616958674901,2.3730881583222048,-0.5747562101964399
733,20.0,15.0,3,17,iodine,std_scaler,(mu-mu*)/mu,12.237909713643184,19.882468204377524,232.69426048037883,2154.0805152761195,-1088.6625544410754,2712.852814896389,446.2990375285383,-4032.4281678898465,-8471.890402966,2597.6570191059677,-2574.9172421206795,836.7816648035953,827.1357250751407,212304.60261649275,9713.745674659212,-2286.1226220212093,12181.52839687791,-1.1793052256280452
733,20.0,15.0,3,18,iodine,std_scaler,(mu-mu*)/mu,4.07164361477074,6.614327432500778,77.65339102359737,715.442636426276,-361.5163112091239,901.9617963954022,148.5214638259867,-1339.4978229426538,-2813.1900857899723,863.0763676699386,-855.5157689337069,278.0143605453581,274.8473417127612,70498.60214700835,3224.8288047226056,-759.2565604021166,4045.907578538211,291.8296761452362
733,20.0,15.0,3,1,iodine,std_scaler,(mu-mu*)/mu,-0.005415013958720499,-inf,-inf,-inf,-inf,-inf,-inf,-inf,-inf,-inf,-inf,-inf,-inf,-inf,-inf,-inf,-inf,-inf
733,20.0,15.0,3,1,iodine,std_scaler,(mu-mu*)/mu,-0.005415013958720499,-0.006300740656798911,-inf,-inf,-inf,-inf,-inf,-inf,-inf,-inf,-inf,-inf,-inf,-inf,-inf,-inf,-inf,-inf
733,20.0,15.0,3,1,iodine,std_scaler,(mu-mu*)/mu,-0.005415013958720499,-0.006300740656798911,-0.2190618428660465,-inf,-inf,-inf,-inf,-inf,-inf,-inf,-inf,-inf,-inf,-inf,-inf,-inf,-inf,-inf
733,20.0,15.0,3,1,iodine,std_scaler,(mu-mu*)/mu,-0.005415013958720499,-0.006300740656798911,-0.2190618428660465,-0.2893447475636963,-inf,-inf,-inf,-inf,-inf,-inf,-inf,-inf,-inf,-inf,-inf,-inf,-inf,-inf
733,20.0,15.0,3,1,iodine,std_scaler,(mu-mu*)/mu,-0.005415013958720499,-0.006300740656798911,-0.2190618428660465,-0.2893447475636963,0.5378487217018524,-inf,-inf,-inf,-inf,-inf,-inf,-inf,-inf,-inf,-inf,-inf,-inf,-inf
733,20.0,15.0,3,1,iodine,std_scaler,(mu-mu*)/mu,-0.005415013958720499,-0.006300740656798911,-0.2190618428660465,-0.2893447475636963,0.5378487217018524,-1.1378000723448605,-inf,-inf,-inf,-inf,-inf,-inf,-inf,-inf,-inf,-inf,-inf,-inf
733,20.0,15.0,3,1,iodine,std_scaler,(mu-mu*)/mu,-0.005415013958720499,-0.006300740656798911,-0.2190618428660465,-0.2893447475636963,0.5378487217018524,-1.1378000723448605,-1.7909521217150957,-inf,-inf,-inf,-inf,-inf,-inf,-inf,-inf,-inf,-inf,-inf
733,20.0,15.0,3,1,iodine,std_scaler,(mu-mu*)/mu,-0.005415013958720499,-0.006300740656798911,-0.2190618428660465,-0.2893447475636963,0.5378487217018524,-1.1378000723448605,-1.7909521217150957,1.5131463882667928,-inf,-inf,-inf,-inf,-inf,-inf,-inf,-inf,-inf,-inf
733,20.0,15.0,3,1,iodine,std_scaler,(mu-mu*)/mu,-0.005415013958720499,-0.006300740656798911,-0.2190618428660465,-0.2893447475636963,0.5378487217018524,-1.1378000723448605,-1.7909521217150957,1.5131463882667928,0.5335425417162785,-inf,-inf,-inf,-inf,-inf,-inf,-inf,-inf,-inf
733,20.0,15.0,3,1,iodine,std_scaler,(mu-mu*)/mu,-0.005415013958720499,-0.006300740656798911,-0.2190618428660465,-0.2893447475636963,0.5378487217018524,-1.1378000723448605,-1.7909521217150957,1.5131463882667928,0.5335425417162785,8.949487210900378,-inf,-inf,-inf,-inf,-inf,-inf,-inf,-inf
733,20.0,15.0,3,1,iodine,std_scaler,(mu-mu*)/mu,-0.005415013958720499,-0.006300740656798911,-0.2190618428660465,-0.2893447475636963,0.5378487217018524,-1.1378000723448605,-1.7909521217150957,1.5131463882667928,0.5335425417162785,8.949487210900378,0.0976124511637595,-inf,-inf,-inf,-inf,-inf,-inf,-inf
733,20.0,15.0,3,1,iodine,std_scaler,(mu-mu*)/mu,-0.005415013958720499,-0.006300740656798911,-0.2190618428660465,-0.2893447475636963,0.5378487217018524,-1.1378000723448605,-1.7909521217150957,1.5131463882667928,0.5335425417162785,8.949487210900378,0.0976124511637595,0.7172786148941892,-inf,-inf,-inf,-inf,-inf,-inf
733,20.0,15.0,3,1,iodine,std_scaler,(mu-mu*)/mu,-0.005415013958720499,-0.006300740656798911,-0.2190618428660465,-0.2893447475636963,0.5378487217018524,-1.1378000723448605,-1.7909521217150957,1.5131463882667928,0.5335425417162785,8.949487210900378,0.0976124511637595,0.7172786148941892,0.16165604304706233,-inf,-inf,-inf,-inf,-inf
733,20.0,15.0,3,1,iodine,std_scaler,(mu-mu*)/mu,-0.005415013958720499,-0.006300740656798911,-0.2190618428660465,-0.2893447475636963,0.5378487217018524,-1.1378000723448605,-1.7909521217150957,1.5131463882667928,0.5335425417162785,8.949487210900378,0.0976124511637595,0.7172786148941892,0.16165604304706233,0.07962862396112,-inf,-inf,-inf,-inf
733,20.0,15.0,3,1,iodine,std_scaler,(mu-mu*)/mu,-0.005415013958720499,-0.006300740656798911,-0.2190618428660465,-0.2893447475636963,0.5378487217018524,-1.1378000723448605,-1.7909521217150957,1.5131463882667928,0.5335425417162785,8.949487210900378,0.0976124511637595,0.7172786148941892,0.16165604304706233,0.07962862396112,1.3293451792837874,-inf,-inf,-inf
733,20.0,15.0,3,1,iodine,std_scaler,(mu-mu*)/mu,-0.005415013958720499,-0.006300740656798911,-0.2190618428660465,-0.2893447475636963,0.5378487217018524,-1.1378000723448605,-1.7909521217150957,1.5131463882667928,0.5335425417162785,8.949487210900378,0.0976124511637595,0.7172786148941892,0.16165604304706233,0.07962862396112,1.3293451792837874,6.009885910490458,-inf,-inf
733,20.0,15.0,3,1,iodine,std_scaler,(mu-mu*)/mu,-0.005415013958720499,-0.006300740656798911,-0.2190618428660465,-0.2893447475636963,0.5378487217018524,-1.1378000723448605,-1.7909521217150957,1.5131463882667928,0.5335425417162785,8.949487210900378,0.0976124511637595,0.7172786148941892,0.16165604304706233,0.07962862396112,1.3293451792837874,6.009885910490458,-2.6001808145497662,-inf
733,20.0,15.0,3,1,iodine,std_scaler,(mu-mu*)/mu,-0.005415013958720499,-0.006300740656798911,-0.2190618428660465,-0.2893447475636963,0.5378487217018524,-1.1378000723448605,-1.7909521217150957,1.5131463882667928,0.5335425417162785,8.949487210900378,0.0976124511637595,0.7172786148941892,0.16165604304706233,0.07962862396112,1.3293451792837874,6.009885910490458,-2.6001808145497662,-0.5531168427096605
